1000 1200
758 200 0
45 511 10
487 296 6
566 551 0
430 850 27
294 274 9
796 318 17
10 329 20
120 348 10
667 454 1
697 330 18
840 838 15
998 991 9
490 761 0
392 714 7
174 801 27
293 732 1
579 822 16
31 309 20
377 218 2
75 622 15
561 334 26
214 199 22
744 77 25
412 210 26
146 2 26
628 6 5
642 268 25
312 565 18
321 105 5
18 277 12
352 770 20
768 573 15
635 613 12
88 446 22
885 682 8
913 228 8
841 691 13
831 436 23
180 559 19
704 249 6
645 611 9
759 344 13
898 621 3
502 393 11
943 533 27
122 76 4
413 520 11
606 774 7
1 589 19
585 510 15
637 325 11
781 781 29
121 848 6
702 759 19
177 622 7
921 78 8
918 7 16
498 564 22
164 722 11
974 495 18
550 604 29
320 627 22
953 388 23
949 385 23
855 59 13
457 137 7
772 234 25
750 471 25
36 739 21
594 155 9
634 137 13
280 67 18
329 558 8
587 19 16
115 816 24
631 722 18
754 485 14
426 149 20
134 219 7
638 514 14
664 384 17
623 10 1
453 177 6
796 843 21
317 12 15
425 227 21
707 672 8
956 867 19
602 478 6
634 794 5
210 15 19
152 45 28
245 248 10
55 549 0
136 44 19
806 540 21
632 105 26
891 219 16
12 968 3
166 556 15
383 18 18
172 179 15
325 624 5
594 1 23
874 39 22
854 522 25
603 966 19
56 75 23
939 379 18
367 13 21
673 143 0
788 169 11
289 87 28
859 176 3
74 142 29
50 669 23
790 92 10
233 101 16
20 666 2
539 312 23
757 631 10
437 536 8
506 684 9
606 351 0
639 845 27
896 762 18
821 19 5
329 798 1
14 415 14
821 275 19
548 859 2
255 698 18
587 152 27
406 565 21
443 644 20
949 788 28
85 741 28
223 526 8
633 63 26
553 860 4
483 533 13
761 101 23
302 71 24
178 652 14
251 146 17
138 576 21
909 806 10
342 366 9
611 606 13
723 765 24
885 413 19
487 311 20
671 90 0
139 295 25
869 944 24
431 325 16
3 691 3
266 410 25
240 193 21
535 150 1
402 830 18
976 394 24
254 100 12
291 427 29
391 789 29
119 488 21
796 884 21
905 20 13
124 762 10
31 742 28
407 316 2
73 29 10
641 757 12
105 732 13
213 681 12
719 728 9
279 489 22
375 51 17
59 198 5
879 885 9
356 100 17
642 721 16
613 552 25
105 454 16
144 887 13
875 918 17
115 228 21
669 727 26
577 106 5
502 222 19
472 205 18
1 517 2
851 292 28
684 398 15
696 563 19
417 349 29
740 138 21
281 12 21
970 936 25
814 985 26
270 301 7
142 314 1
283 381 29
746 846 6
405 650 2
111 811 28
301 413 17
115 936 29
683 917 18
543 408 5
23 569 4
279 489 9
641 141 10
715 291 11
294 788 7
487 727 1
169 694 4
774 917 16
451 415 27
999 92 25
337 970 7
923 813 8
70 368 28
557 980 5
2 690 27
872 618 27
603 871 27
953 850 14
848 893 12
377 554 25
91 922 6
516 667 4
924 735 21
19 658 3
854 897 20
803 118 29
272 299 16
938 128 2
615 612 29
558 435 10
433 332 10
989 727 4
760 612 13
797 683 13
283 321 19
657 987 25
630 192 26
290 344 1
321 55 23
635 309 4
551 370 19
741 502 24
764 884 26
299 919 1
202 754 18
756 777 22
381 17 3
301 347 22
631 560 16
90 392 15
901 7 4
809 649 21
601 559 25
179 977 4
604 846 2
726 927 7
104 185 19
885 502 7
704 890 15
731 365 15
675 686 12
800 848 0
617 583 16
119 57 21
157 10 14
561 123 4
833 256 21
858 135 22
334 134 20
659 913 18
529 994 5
19 148 18
477 405 5
856 115 5
841 774 18
147 93 13
580 337 15
783 380 22
334 439 20
26 155 18
132 688 6
430 983 21
819 529 8
497 953 27
786 170 25
691 988 27
417 291 13
392 8 15
713 780 7
38 894 18
904 790 7
850 554 15
849 338 10
849 424 7
905 927 12
709 717 22
263 657 14
411 937 17
116 586 17
462 953 16
662 115 20
225 972 8
143 567 18
621 925 1
758 815 8
710 636 13
520 58 21
901 846 25
460 392 22
237 423 10
397 534 7
240 577 19
154 220 0
980 945 20
560 689 22
504 243 21
175 137 18
500 468 26
656 134 17
745 293 12
752 971 22
719 38 1
341 463 15
333 541 27
816 409 25
737 643 14
627 490 1
600 459 11
590 129 1
755 332 7
155 207 4
526 776 22
486 169 22
483 520 23
565 79 20
738 165 13
314 577 12
80 80 1
258 174 0
977 202 9
409 21 12
45 928 24
688 980 19
430 653 7
368 111 2
388 605 4
286 817 11
415 877 12
375 212 29
542 345 25
131 848 14
112 143 22
295 958 17
256 454 5
225 629 21
207 136 29
266 571 25
520 681 15
463 42 1
696 843 19
42 220 29
713 365 18
782 575 9
322 293 24
918 232 0
115 716 1
851 936 28
426 366 2
297 882 3
150 241 23
14 588 14
6 914 11
540 929 7
161 153 21
913 171 27
221 160 29
679 527 23
942 674 2
661 959 23
494 642 7
308 676 24
313 779 12
377 775 6
118 725 13
268 924 20
386 509 9
499 496 18
942 194 29
733 558 6
511 570 27
675 526 9
268 398 6
451 703 12
277 565 24
493 634 19
641 311 28
149 767 2
360 881 22
175 956 27
412 991 25
483 907 11
209 757 22
948 322 25
533 245 29
278 419 18
560 512 10
968 834 22
533 609 26
151 316 10
339 105 23
83 725 17
452 135 0
204 713 7
798 785 14
210 973 0
754 103 0
832 269 23
19 812 11
76 833 6
227 692 10
298 941 13
348 573 15
953 525 26
421 619 24
648 804 18
847 842 4
593 888 6
420 758 7
684 607 18
18 31 6
299 593 2
953 313 2
111 507 16
719 46 14
261 122 11
158 883 15
125 92 5
706 581 17
27 640 10
885 784 7
8 79 2
449 930 22
226 978 16
753 614 3
72 802 4
539 381 20
871 296 10
845 150 3
539 75 2
940 356 1
906 662 18
965 29 10
585 886 10
624 651 13
800 265 23
90 275 14
786 195 15
463 116 23
585 561 11
578 450 12
339 880 6
609 878 6
407 945 8
672 35 1
582 755 2
554 66 22
120 59 17
856 636 2
593 683 18
623 402 10
692 903 29
861 670 10
706 328 6
481 492 25
193 374 0
542 686 7
0 24 6
338 437 28
415 850 1
279 705 11
404 403 17
806 370 11
143 800 7
277 421 10
297 162 5
492 621 28
145 377 21
44 869 6
785 300 11
805 621 26
478 438 27
252 556 23
938 617 16
445 293 3
265 282 21
258 901 15
992 475 3
224 625 3
965 157 1
587 665 10
508 225 25
359 174 18
682 38 2
415 522 5
324 94 4
587 681 6
129 56 2
179 543 4
620 522 23
17 826 17
322 73 28
79 880 8
605 304 1
984 169 7
211 320 10
962 204 10
916 600 16
894 832 5
731 365 25
883 409 0
957 222 12
498 899 11
550 325 9
794 827 6
921 378 1
94 845 15
227 518 23
766 87 16
365 402 25
883 309 11
668 536 26
296 249 25
308 349 24
218 24 2
302 173 23
328 332 6
407 90 17
328 695 17
681 730 20
239 570 10
875 809 0
426 811 24
888 815 24
798 756 18
12 735 3
945 608 25
500 316 14
341 603 4
464 633 7
264 959 4
422 445 22
806 103 1
310 745 12
732 808 2
515 823 14
235 439 22
735 324 9
684 494 27
68 204 11
781 810 24
653 256 28
90 244 15
142 804 19
607 21 21
906 520 21
760 777 9
511 540 3
451 829 2
427 475 4
598 279 1
929 355 11
515 430 16
487 228 4
667 354 13
834 99 18
587 612 22
890 643 5
803 390 20
676 677 9
109 425 27
582 756 18
825 673 6
738 401 29
845 200 1
243 174 10
181 746 1
893 485 17
127 385 21
909 983 23
599 432 28
149 532 9
22 21 16
735 206 5
44 872 26
34 825 15
895 500 3
62 34 22
873 649 9
85 315 11
461 243 0
248 626 11
775 721 28
762 147 15
479 979 24
790 420 15
406 805 27
928 53 29
735 72 0
967 954 12
613 692 29
371 780 22
19 903 21
918 834 21
824 805 4
784 961 16
98 915 18
158 261 22
619 657 0
634 725 3
168 80 3
515 642 28
247 475 12
717 870 24
810 640 12
652 636 18
355 711 22
961 791 29
449 94 20
80 554 11
933 88 23
456 10 0
177 545 4
966 902 27
569 157 22
266 650 7
122 658 14
361 161 11
794 517 23
592 749 24
289 657 20
898 276 26
303 74 9
951 560 17
199 84 3
896 26 27
767 116 2
551 261 2
26 200 27
541 437 26
232 567 21
964 913 20
803 988 6
937 262 12
293 439 2
372 457 3
225 628 9
908 145 3
38 826 1
578 614 18
772 259 2
344 41 3
573 701 8
177 82 13
941 668 2
69 112 0
870 731 25
35 361 16
580 26 9
856 522 10
775 698 23
140 363 11
434 925 15
501 434 1
672 104 6
290 976 28
296 904 27
323 861 8
949 62 21
616 310 0
160 280 15
649 351 0
843 275 21
379 976 11
931 998 5
871 99 5
191 995 0
835 176 17
18 376 13
167 318 22
213 56 20
741 766 15
889 412 25
245 54 18
983 489 8
383 625 8
465 590 28
508 280 10
205 666 2
165 870 29
510 227 19
242 711 28
317 20 25
699 15 5
417 174 17
286 468 15
466 429 27
532 710 20
639 651 19
248 699 27
690 491 14
209 522 3
625 578 2
361 402 20
683 660 9
37 98 29
894 349 23
21 239 12
422 280 19
176 616 9
470 548 10
21 883 11
712 323 26
810 207 6
968 480 11
256 754 19
381 685 22
866 376 8
295 254 23
628 109 5
277 731 5
487 490 27
480 598 11
801 698 1
412 851 16
822 465 19
855 436 0
462 865 0
68 475 28
251 537 18
539 502 22
800 731 7
566 714 25
916 954 28
384 790 10
255 671 28
394 915 12
676 22 21
556 633 12
474 605 24
723 894 2
126 938 11
228 81 11
757 855 18
703 89 26
882 458 26
928 351 25
929 364 21
701 911 20
3 480 6
36 573 4
469 55 22
128 6 28
801 557 2
41 522 19
819 120 21
308 950 19
107 809 12
660 246 9
861 98 12
967 512 12
65 953 14
989 984 8
649 981 24
713 973 26
673 839 28
227 117 4
833 453 10
255 240 10
231 446 13
158 563 22
791 483 19
156 293 15
762 14 6
5 342 26
825 394 9
298 131 7
556 293 27
602 730 5
824 941 8
977 255 27
825 719 29
667 729 17
999 24 23
509 115 7
179 968 13
730 39 29
969 148 25
45 542 15
348 623 9
343 108 12
315 855 14
129 589 20
789 246 12
732 513 11
779 307 16
987 898 4
71 279 16
778 726 22
528 493 29
186 683 4
375 929 27
691 738 19
148 458 18
971 397 21
750 52 22
113 971 11
135 414 11
249 305 29
168 746 21
109 208 29
581 909 12
959 967 0
948 287 29
993 412 18
881 365 7
44 530 15
662 873 2
226 542 28
395 548 21
687 11 15
153 356 25
17 798 20
279 734 16
323 298 26
48 496 19
425 90 14
256 394 2
804 354 22
517 20 18
262 753 26
236 519 25
747 835 21
283 983 1
133 110 6
497 481 5
511 589 5
409 973 18
694 881 3
456 40 12
181 707 0
559 407 15
945 961 2
383 755 2
193 221 25
341 246 10
889 278 5
709 649 6
997 194 27
329 450 29
266 542 26
89 920 15
322 437 1
17 326 23
857 61 1
907 858 11
797 311 15
129 271 5
708 370 14
382 301 15
837 365 25
310 749 11
967 142 8
709 938 2
674 834 3
867 912 27
137 751 9
101 569 18
608 647 29
411 799 12
959 414 4
92 850 2
660 48 29
536 126 26
896 358 25
496 799 1
14 891 10
395 606 8
57 949 8
697 658 5
40 436 28
692 362 23
193 903 21
354 233 15
294 292 25
20 798 15
640 376 17
45 25 12
672 75 7
128 931 25
972 825 2
846 146 9
316 346 17
399 257 11
548 270 25
699 911 6
343 126 18
311 812 20
345 854 14
538 569 11
885 273 22
549 963 25
18 957 26
666 100 29
591 818 3
179 5 20
888 278 24
958 731 19
246 239 14
318 478 7
337 859 8
830 160 12
253 824 24
536 368 25
408 913 14
271 983 21
972 511 20
434 373 26
205 263 19
702 484 11
938 655 13
341 860 23
986 351 0
808 113 3
194 715 14
554 746 18
958 784 16
349 277 19
770 472 19
232 268 24
309 194 22
158 466 0
992 868 25
734 74 20
976 859 16
803 566 25
591 47 16
769 942 1
369 561 23
354 996 11
505 993 15
207 149 6
330 640 12
948 836 13
357 310 11
379 950 7
687 141 11
1 801 3
514 960 23
580 361 28
297 443 23
582 466 14
764 819 2
337 466 1
805 429 20
812 523 9
984 278 2
663 823 25
284 837 16
500 93 27
379 175 15
53 190 16
333 740 26
394 3 23
832 991 28
998 610 1
840 210 23
56 935 22
378 616 13
393 624 10
932 631 14
883 485 9
198 811 27
45 549 14
308 658 8
122 350 25
710 318 6
248 611 27
325 346 18
245 384 7
106 429 0
664 948 6
884 371 1
548 187 14
727 487 2
883 182 2
398 658 4
642 224 3
452 236 25
268 736 23
143 780 4
921 398 20
467 853 20
398 979 15
703 739 26
758 61 20
333 900 23
958 693 15
683 137 9
135 879 20
850 413 7
803 459 17
457 497 5
219 76 29
455 276 24
632 13 5
534 787 0
818 349 17
81 120 22
668 415 26
67 104 24
254 27 3
186 871 22
249 957 12
373 543 12
162 9 8
506 587 16
19 462 25
484 759 20
929 199 13
160 789 13
499 141 17
287 237 15
537 145 22
272 664 25
164 292 10
854 863 6
234 352 8
215 777 19
653 850 4
176 200 28
144 287 23
541 405 18
791 951 21
735 590 22
416 553 13
732 363 1
424 749 6
713 403 27
426 393 9
647 299 9
601 145 21
104 416 4
355 323 24
988 702 26
316 619 20
468 120 27
678 810 22
492 591 13
58 251 6
696 571 24
83 497 29
922 529 0
371 102 24
531 336 14
975 805 9
140 850 9
446 343 24
736 904 1
957 651 9
222 735 23
707 785 13
288 232 10
957 727 24
861 874 27
654 555 5
774 927 15
771 997 9
971 49 0
998 373 25
540 616 3
571 564 8
454 216 22
46 915 26
845 329 22
651 767 16
230 729 2
899 576 0
171 837 0
209 150 1
183 818 13
975 590 21
649 54 0
590 997 5
580 743 12
485 787 10
755 406 16
554 763 14
357 657 17
612 838 6
982 239 25
304 103 10
586 582 10
96 305 10
355 800 1
68 518 25
929 106 3
887 58 8
800 875 0
428 88 3
677 934 28
513 445 28
848 508 10
501 84 10
960 543 20
508 93 6
913 548 20
327 384 13
962 225 11
685 571 9
151 630 19
403 574 7
714 597 19
322 237 21
712 288 20
483 412 7
997 112 5
327 308 23
977 814 8
753 155 3
549 182 29
767 807 5
439 363 14
963 147 6
868 750 18
453 396 28
312 208 17
135 429 27
433 6 10
259 961 11
250 458 15
307 337 22
842 314 16
18 93 3
532 430 27
160 465 1
27 32 29
690 765 25
149 663 15
343 798 7
719 623 22
947 828 29
75 171 14
995 306 16
397 336 22
84 978 2
397 938 4
337 821 27
828 780 22
275 417 29
506 128 28
213 796 25
50 296 11
286 236 5
171 428 10
470 592 5
346 670 25
993 681 26
159 33 24
44 907 29
773 254 6
273 865 13
15 820 22
408 857 14
250 180 25
447 158 25
857 471 24
187 596 23
929 210 20
336 884 11
73 84 25
507 232 24
293 513 15
148 139 28
509 405 13
723 321 8
952 987 4
748 156 15
199 91 28
42 601 20
